{
 "cells": [
  {
   "cell_type": "code",
   "execution_count": 1,
   "metadata": {},
   "outputs": [],
   "source": [
    "# import the libraries\n",
    "import requests\n",
    "import csv\n",
    "from bs4 import BeautifulSoup"
   ]
  },
  {
   "cell_type": "code",
   "execution_count": 2,
   "metadata": {},
   "outputs": [
    {
     "name": "stdout",
     "output_type": "stream",
     "text": [
      "Finished storing this csv file into a list\n"
     ]
    }
   ],
   "source": [
    "# convert model names to brands\n",
    "\n",
    "# open the models file and use that to replace model names with brand names. \n",
    "# format of file is brand, model\n",
    "#file = open('models.csv', 'r')\n",
    "file = open('models.csv', 'r', encoding='mac_roman', newline='')\n",
    "\n",
    "csv_file = csv.reader(file)\n",
    "\n",
    "# store the brand names\n",
    "brands = []\n",
    "for i in csv_file:\n",
    "    brands.append(i)\n",
    "#     parsedData = parsedData.replace(i[1], i[0])\n",
    "\n",
    "print('Finished storing this csv file into a list')\n",
    "# close the file\n",
    "file.close()"
   ]
  },
  {
   "cell_type": "code",
   "execution_count": 3,
   "metadata": {},
   "outputs": [
    {
     "data": {
      "text/plain": [
       "[['acura', 'integra'],\n",
       " ['acura', 'Legend†'],\n",
       " ['acura', 'vigor'],\n",
       " ['acura', 'rlx'],\n",
       " ['acura', 'ILX'],\n",
       " ['acura', 'MDX'],\n",
       " ['acura', 'RDX'],\n",
       " ['acura', 'TSX'],\n",
       " ['acura', 'RSX'],\n",
       " ['audi', 'quattro'],\n",
       " ['audi', 'a4'],\n",
       " ['audi', 'a6'],\n",
       " ['audi', 'a5'],\n",
       " ['audi', 'a7'],\n",
       " ['audi', 'q3'],\n",
       " ['audi', 'q5'],\n",
       " ['audi', 'q7'],\n",
       " ['audi', 'a8'],\n",
       " ['audi', 'a3'],\n",
       " ['bmw', '3-series'],\n",
       " ['bmw', '5-series'],\n",
       " ['bmw', '6-series'],\n",
       " ['bmw', '4-series'],\n",
       " ['bmw', 'xdrive'],\n",
       " ['bmw', 'alpina'],\n",
       " ['bmw', '330ci'],\n",
       " ['bmw', '328i'],\n",
       " ['bmw', '330c'],\n",
       " ['bmw', '335i'],\n",
       " ['bmw', '335d'],\n",
       " ['bmw', '528i'],\n",
       " ['bmw', '535i'],\n",
       " ['bmw', '128i'],\n",
       " ['bmw', '640i'],\n",
       " ['bmw', '3er'],\n",
       " ['bmw', '5er'],\n",
       " ['bmw', 'M5'],\n",
       " ['bmw', 'M3'],\n",
       " ['bmw', 'M6'],\n",
       " ['bmw', 'bmws'],\n",
       " ['bmw', 'bmwesque'],\n",
       " ['buick', 'park avenue'],\n",
       " ['buick', 'la crosse'],\n",
       " ['buick', 'lacrosse'],\n",
       " ['buick', 'century'],\n",
       " ['buick', 'enclave'],\n",
       " ['buick', 'encore'],\n",
       " ['buick', 'regal'],\n",
       " ['buick', 'buicks'],\n",
       " ['cadillac', 'escalade'],\n",
       " ['cadillac', 'srx'],\n",
       " ['cadillac', 'xts'],\n",
       " ['car', 'cars'],\n",
       " ['chevrolet', 'Grand Blazer'],\n",
       " ['chevrolet', 'TrailBlazer†'],\n",
       " ['chevrolet', 'trailblazer'],\n",
       " ['chevrolet', 'Silverado†'],\n",
       " ['chevrolet', 'Colorado†'],\n",
       " ['chevrolet', 'Corvette†'],\n",
       " ['chevrolet', 'Suburban†'],\n",
       " ['chevrolet', 'cavalier'],\n",
       " ['chevrolet', 'Caprice†'],\n",
       " ['chevrolet', 'Captiva†'],\n",
       " ['chevrolet', 'Equinox†'],\n",
       " ['chevrolet', 'Express†'],\n",
       " ['chevrolet', 'Lacetti†'],\n",
       " ['chevrolet', 'Montana†'],\n",
       " ['chevrolet', 'Uplander'],\n",
       " ['chevrolet', 'Orlando†'],\n",
       " ['chevrolet', 'Tornado†'],\n",
       " ['chevrolet', 'Tracker†'],\n",
       " ['chevrolet', 'Traverse'],\n",
       " ['chevrolet', 'caprice'],\n",
       " ['chevrolet', 'captiva'],\n",
       " ['chevrolet', 'equinox'],\n",
       " ['chevrolet', 'express'],\n",
       " ['chevrolet', 'Camaro†'],\n",
       " ['chevrolet', 'Cobalt†'],\n",
       " ['chevrolet', 'Impala†'],\n",
       " ['chevrolet', 'Lumina†'],\n",
       " ['chevrolet', 'Malibu†'],\n",
       " ['chevrolet', 'Prisma†'],\n",
       " ['chevrolet', 'Tavera†'],\n",
       " ['chevrolet', 'camaro'],\n",
       " ['chevrolet', 'cobalt'],\n",
       " ['chevrolet', 'impala'],\n",
       " ['chevrolet', 'lumina'],\n",
       " ['chevrolet', 'malibu'],\n",
       " ['chevrolet', 'tavera'],\n",
       " ['chevrolet', 'Agile†'],\n",
       " ['chevrolet', 'Celta†'],\n",
       " ['chevrolet', 'Cruze†'],\n",
       " ['chevrolet', 'Lanos†'],\n",
       " ['chevrolet', 'Omega†'],\n",
       " ['chevrolet', 'Optra†'],\n",
       " ['chevrolet', 'Sonic†'],\n",
       " ['chevrolet', 'Spark†'],\n",
       " ['chevrolet', 'Tahoe†'],\n",
       " ['chevrolet', 'agile'],\n",
       " ['chevrolet', 'cruze'],\n",
       " ['chevrolet', 'sonic'],\n",
       " ['chevrolet', 'spark'],\n",
       " ['chevrolet', 'Aveo†'],\n",
       " ['chevrolet', 'Lova†'],\n",
       " ['chevrolet', 'N200†'],\n",
       " ['chevrolet', 'Niva†'],\n",
       " ['chevrolet', 'Onix†'],\n",
       " ['chevrolet', 'S-10†'],\n",
       " ['chevrolet', 'Sail†'],\n",
       " ['chevrolet', 'Volt†'],\n",
       " ['chevrolet', 'aveo'],\n",
       " ['chevrolet', 'volt'],\n",
       " ['chevrolet', 'chevy'],\n",
       " ['chevrolet', 'malibus'],\n",
       " ['chevrolet', 'suburban'],\n",
       " ['chevrolet', 'corvette'],\n",
       " ['chrysler', 'town and country'],\n",
       " ['chrysler', 'chrysler 300'],\n",
       " ['chrysler', 'chrysler 200'],\n",
       " ['chrysler', 'pacifica'],\n",
       " ['chrysler', 'cruiser'],\n",
       " ['chrysler', 'sebring'],\n",
       " ['chrysler', '300M'],\n",
       " ['chrysler', 'lx'],\n",
       " ['chrysler', 'chryslers'],\n",
       " ['dodge', 'challenger'],\n",
       " ['dodge', 'intrepid'],\n",
       " ['dodge', 'avenger'],\n",
       " ['dodge', 'charger'],\n",
       " ['dodge', 'durango'],\n",
       " ['dodge', 'journey'],\n",
       " ['dodge', 'caliber'],\n",
       " ['dodge', 'stealth'],\n",
       " ['dodge', 'magnum'],\n",
       " ['dodge', 'viper'],\n",
       " ['dodge', 'dart'],\n",
       " ['dodge', 'ram'],\n",
       " ['ford', 'Crown†Victoria'],\n",
       " ['ford', 'expedition'],\n",
       " ['ford', 'supervan'],\n",
       " ['ford', 'freestar'],\n",
       " ['ford', 'explorer'],\n",
       " ['ford', 'mustang'],\n",
       " ['ford', 'ecoline'],\n",
       " ['ford', 'Tourneo'],\n",
       " ['ford', 'everest'],\n",
       " ['ford', 'Fiesta'],\n",
       " ['ford', 'Fusion'],\n",
       " ['ford', 'Taurus'],\n",
       " ['ford', 'galaxy'],\n",
       " ['ford', 'escape'],\n",
       " ['ford', 'Focus'],\n",
       " ['ford', 'f-150'],\n",
       " ['ford', 'c-max'],\n",
       " ['ford', 's-max'],\n",
       " ['ford', 'kuga'],\n",
       " ['ford', 'cmax'],\n",
       " ['ford', 'f150'],\n",
       " ['ford', 'fords'],\n",
       " ['ford', 'fusions'],\n",
       " ['ford', 'fusionmilan'],\n",
       " ['honda', 'Crosstour†'],\n",
       " ['honda', 'Ridgeline†'],\n",
       " ['honda', 'Inspire†'],\n",
       " ['honda', 'Mobilio†'],\n",
       " ['honda', 'Prelude†'],\n",
       " ['honda', 'Shuttle†'],\n",
       " ['honda', 'Spirior†'],\n",
       " ['honda', 'StepWGN†'],\n",
       " ['honda', 'Crider†'],\n",
       " ['honda', 'Insight'],\n",
       " ['honda', 'Legend†'],\n",
       " ['honda', 'Odyssey'],\n",
       " ['honda', 'Stream†'],\n",
       " ['honda', 'Amaze†'],\n",
       " ['honda', 'Hobio†'],\n",
       " ['honda', 'N-Box†'],\n",
       " ['honda', 'N-One†'],\n",
       " ['honda', 'N-WGN†'],\n",
       " ['honda', 'Pilot†'],\n",
       " ['honda', 'Vamos†'],\n",
       " ['honda', 'Vezel†'],\n",
       " ['honda', 'Spike†'],\n",
       " ['honda', 'Acty†'],\n",
       " ['honda', 'Brio†'],\n",
       " ['honda', 'City†'],\n",
       " ['honda', 'Civic'],\n",
       " ['honda', 'CR-V†'],\n",
       " ['honda', 'Freed'],\n",
       " ['honda', 'Jade†'],\n",
       " ['honda', 'ZEST†'],\n",
       " ['honda', 'Aria†'],\n",
       " ['honda', 'ex-l'],\n",
       " ['honda', 'CR-Z'],\n",
       " ['honda', 'Jazz'],\n",
       " ['honda', 'NSX†'],\n",
       " ['honda', 'nbox'],\n",
       " ['honda', 'exl'],\n",
       " ['honda', 'FCX'],\n",
       " ['honda', '5DR'],\n",
       " ['honda', 'crv'],\n",
       " ['honda', 'pilot'],\n",
       " ['honda', 'accord'],\n",
       " ['honda', 'hondas'],\n",
       " ['honda', 'accords'],\n",
       " ['honda', 'odessey'],\n",
       " ['honda', 'crosstour'],\n",
       " ['hyndai kia', 'hyundaikia'],\n",
       " ['hyundai', 'Centennial'],\n",
       " ['hyundai', 'Grandeur'],\n",
       " ['hyundai', 'Veloster'],\n",
       " ['hyundai', 'Elantra'],\n",
       " ['hyundai', 'Genesis'],\n",
       " ['hyundai', 'Tiburon'],\n",
       " ['hyundai', 'Tuscani'],\n",
       " ['hyundai', 'Dynasty'],\n",
       " ['hyundai', 'Santamo'],\n",
       " ['hyundai', 'Stellar'],\n",
       " ['hyundai', 'Accent'],\n",
       " ['hyundai', 'Lantra'],\n",
       " ['hyundai', 'Avante'],\n",
       " ['hyundai', 'Santro'],\n",
       " ['hyundai', 'Sonata'],\n",
       " ['hyundai', 'Scoupe'],\n",
       " ['hyundai', 'Matrix'],\n",
       " ['hyundai', 'Lavity'],\n",
       " ['hyundai', 'Verna'],\n",
       " ['hyundai', 'Equus'],\n",
       " ['hyundai', 'azera'],\n",
       " ['hyundai', 'Xcent'],\n",
       " ['hyundai', 'Click'],\n",
       " ['hyundai', 'Atos'],\n",
       " ['hyundai', 'Atoz'],\n",
       " ['hyundai', 'ix20'],\n",
       " ['hyundai', 'Getz'],\n",
       " ['hyundai', 'Pony'],\n",
       " ['hyundai', 'i10'],\n",
       " ['hyundai', 'i20'],\n",
       " ['hyundai', 'i30'],\n",
       " ['hyundai', 'i40'],\n",
       " ['hyundai', 'i45'],\n",
       " ['hyundai', 'xg'],\n",
       " ['hyundai', 'santa'],\n",
       " ['hyundai', 'sonatas'],\n",
       " ['hyundai', 'hyundais'],\n",
       " ['hyundai', 'veracruz'],\n",
       " ['hyundai,', 'Excel,'],\n",
       " ['hyundai.', 'Excel.'],\n",
       " ['infiniti', 'qx50'],\n",
       " ['infiniti', 'qx60'],\n",
       " ['infiniti', 'qx70'],\n",
       " ['infiniti', 'fx35'],\n",
       " ['infiniti', 'q50'],\n",
       " ['infiniti', 'q60'],\n",
       " ['infiniti', 'q70'],\n",
       " ['infiniti', 'g37'],\n",
       " ['infiniti', 'g25'],\n",
       " ['infiniti', '6mt'],\n",
       " ['kia', 'cadenza'],\n",
       " ['kia', 'sorento'],\n",
       " ['kia', 'sedona'],\n",
       " ['kia', 'forte'],\n",
       " ['kia', 'koup'],\n",
       " ['kia', 'k900'],\n",
       " ['kia', 'kias'],\n",
       " ['kia', 'optima'],\n",
       " ['kia,', 'optima'],\n",
       " ['kia.', 'optima'],\n",
       " ['lincoln', 'navigator'],\n",
       " ['lincoln', 'town car'],\n",
       " ['lincoln', 'zephyr'],\n",
       " ['lincoln', 'mkz'],\n",
       " ['lincoln', 'mks'],\n",
       " ['lincoln', 'mkx'],\n",
       " ['lincoln', 'mkc'],\n",
       " ['lincoln', 'mkt'],\n",
       " ['mazda', 'AZ-Offroad†'],\n",
       " ['mazda', 'AZ-Wagon†'],\n",
       " ['mazda', 'Familia'],\n",
       " ['mazda', 'Premacy'],\n",
       " ['mazda', 'Biante†'],\n",
       " ['mazda', 'Carol†'],\n",
       " ['mazda', 'Scrum†'],\n",
       " ['mazda', 'Mazda2'],\n",
       " ['mazda', 'Mazda3'],\n",
       " ['mazda', 'Mazda5'],\n",
       " ['mazda', 'Atenza'],\n",
       " ['mazda', 'Mazda6'],\n",
       " ['mazda', 'Mazda8'],\n",
       " ['mazda', 'Bongo†'],\n",
       " ['mazda', 'Demio'],\n",
       " ['mazda', 'Axela'],\n",
       " ['mazda', 'RX-8†'],\n",
       " ['mazda', 'CX-7†'],\n",
       " ['mazda', 'BT-50'],\n",
       " ['mazda', 'rx-8'],\n",
       " ['mazda', 'MX-5'],\n",
       " ['mazda', 'CX-5'],\n",
       " ['mazda', 'CX-9'],\n",
       " ['mazda', '6i'],\n",
       " ['mazda', 'cx9'],\n",
       " ['mazda', 'cx5'],\n",
       " ['mazda', 'rx8'],\n",
       " ['mazda', 'mazdas'],\n",
       " ['mazda', 'mazda6s'],\n",
       " ['mazda', 'mazda6i'],\n",
       " ['mercedes', 'mercedes-benz'],\n",
       " ['mercedes', 'benz'],\n",
       " ['mercedes', 'cl-class'],\n",
       " ['mercedes', 'c-class'],\n",
       " ['mercedes', 'e-class'],\n",
       " ['mercedes', 's-class'],\n",
       " ['mercedes', 'mercedesbenz'],\n",
       " ['mercedes benz', 'mercedes'],\n",
       " ['mercedes-benz', 'mercedes'],\n",
       " ['mercury', 'milan'],\n",
       " ['mercury', 'mercury'],\n",
       " ['mitsubishi', 'galant'],\n",
       " ['mitsubishi', 'lancer'],\n",
       " ['nissan', 'pathfinder'],\n",
       " ['nissan', 'frontier'],\n",
       " ['nissan', 'sentra'],\n",
       " ['nissan', 'altima'],\n",
       " ['nissan', 'maxima'],\n",
       " ['nissan', 'murano'],\n",
       " ['nissan', 'armada'],\n",
       " ['nissan', 'xterra'],\n",
       " ['nissan', 'versa'],\n",
       " ['nissan', 'rogue'],\n",
       " ['nissan', 'titan'],\n",
       " ['nissan', 'cube'],\n",
       " ['nissan', 'juke'],\n",
       " ['nissan', 'leaf'],\n",
       " ['nissan', '370z'],\n",
       " ['nissan', 'altimas'],\n",
       " ['nissan', 'nissans'],\n",
       " ['nissan.', 'quest.'],\n",
       " ['nissan.', 'quest,'],\n",
       " ['pontiac', 'Streamliner'],\n",
       " ['pontiac', 'grand prix'],\n",
       " ['pontiac', 'grand am'],\n",
       " ['pontiac', 'sunfire'],\n",
       " ['pontiac', 'Torpedo'],\n",
       " ['pontiac', 'aztek'],\n",
       " ['pontiac', 'Vibe†'],\n",
       " ['pontiac', 'Wave†'],\n",
       " ['pontiac', 'vibe'],\n",
       " ['pontiac', 'gxp'],\n",
       " ['pontiac', 'gto'],\n",
       " ['pontiac', 'G6†'],\n",
       " ['pontiac', 'g3'],\n",
       " ['pontiac', 'g4'],\n",
       " ['pontiac', 'g5'],\n",
       " ['pontiac', 'g6'],\n",
       " ['pontiac', 'g8'],\n",
       " ['problem', 'problems'],\n",
       " ['saturn', 'aura'],\n",
       " ['seat', 'seats'],\n",
       " ['sedan', 'sedans'],\n",
       " ['subaru', 'Outback Sport'],\n",
       " ['subaru', 'grand wagon'],\n",
       " ['subaru', 'Impreza XV'],\n",
       " ['subaru', 'crosstrek'],\n",
       " ['subaru', 'lancaster'],\n",
       " ['subaru', 'Forester'],\n",
       " ['subaru', 'Impreza'],\n",
       " ['subaru', 'tribeca'],\n",
       " ['subaru', 'liberty'],\n",
       " ['subaru', 'Outback'],\n",
       " ['subaru', 'gravel'],\n",
       " ['subaru', 'Legacy'],\n",
       " ['subaru', 'Sambar'],\n",
       " ['subaru', 'Stella'],\n",
       " ['subaru', 'Exiga'],\n",
       " ['subaru', 'Pleo'],\n",
       " ['subaru', 'BRZ'],\n",
       " ['subaru', 'wrx'],\n",
       " ['subaru', 'Dex'],\n",
       " ['subaru', 'R1'],\n",
       " ['subaru', 'R2'],\n",
       " ['suzuki', 'Every Landy'],\n",
       " ['suzuki', 'Cappuccino'],\n",
       " ['suzuki', 'Mighty Boy'],\n",
       " ['suzuki', 'geo metro'],\n",
       " ['suzuki', 'MR Wagon'],\n",
       " ['suzuki', 'Palette'],\n",
       " ['suzuki', 'Wagon R'],\n",
       " ['suzuki', 'Kizashi'],\n",
       " ['suzuki', 'Equator'],\n",
       " ['suzuki', 'Splash'],\n",
       " ['suzuki', 'Ertiga'],\n",
       " ['suzuki', 'cultus'],\n",
       " ['suzuki', 'Esteem'],\n",
       " ['suzuki', 'Fronte'],\n",
       " ['suzuki', 'escudo'],\n",
       " ['suzuki', 'Lapin'],\n",
       " ['suzuki', 'Solio'],\n",
       " ['suzuki', 'Swift'],\n",
       " ['suzuki', 'Landy'],\n",
       " ['suzuki', 'Jimny'],\n",
       " ['suzuki', 'Aerio'],\n",
       " ['suzuki', 'liana'],\n",
       " ['suzuki', 'Cervo'],\n",
       " ['suzuki', 'forsa'],\n",
       " ['suzuki', 'Ignis'],\n",
       " ['suzuki', 'X-90'],\n",
       " ['suzuki', 'XL7†'],\n",
       " ['suzuki', 'SX4'],\n",
       " ['suzuki', 'APV'],\n",
       " ['toyata', 'camrybest'],\n",
       " ['toyota', 'Corolla/Sprinter†'],\n",
       " ['toyota', 'Urban Cruiser'],\n",
       " ['toyota', 'Land Cruiser'],\n",
       " ['toyota', 'Highlander†'],\n",
       " ['toyota', 'FJ Cruiser'],\n",
       " ['toyota', 'Hilux Surf'],\n",
       " ['toyota', 'Fortuner†'],\n",
       " ['toyota', 'Stallion†'],\n",
       " ['toyota', 'Vanguard†'],\n",
       " ['toyota', '4Runner†'],\n",
       " ['toyota', 'Alphard†'],\n",
       " ['toyota', 'Avensis†'],\n",
       " ['toyota', 'Century†'],\n",
       " ['toyota', 'Coaster†'],\n",
       " ['toyota', 'Comfort†'],\n",
       " ['toyota', 'Granvia†'],\n",
       " ['toyota', 'LiteAce†'],\n",
       " ['toyota', 'Scepter†'],\n",
       " ['toyota', 'Sequoia†'],\n",
       " ['toyota', 'Succeed†'],\n",
       " ['toyota', 'TownAce†'],\n",
       " ['toyota', 'ToyoAce†'],\n",
       " ['toyota', 'Venture†'],\n",
       " ['toyota', 'Allion†'],\n",
       " ['toyota', 'Aurion†'],\n",
       " ['toyota', 'Avalon†'],\n",
       " ['toyota', 'Avanza†'],\n",
       " ['toyota', 'Condor†'],\n",
       " ['toyota', 'Fiedler'],\n",
       " ['toyota', 'Majesta'],\n",
       " ['toyota', 'Estima†'],\n",
       " ['toyota', 'HiClass'],\n",
       " ['toyota', 'Innova†'],\n",
       " ['toyota', 'Kijang†'],\n",
       " ['toyota', 'Kingdom'],\n",
       " ['toyota', 'Kluger†'],\n",
       " ['toyota', 'Matrix†'],\n",
       " ['toyota', 'MiniAce'],\n",
       " ['toyota', 'Picnic†'],\n",
       " ['toyota', 'Premio†'],\n",
       " ['toyota', 'Probox†'],\n",
       " ['toyota', 'Qualis†'],\n",
       " ['toyota', 'Ractis†'],\n",
       " ['toyota', 'Sienna†'],\n",
       " ['toyota', 'Sienta†'],\n",
       " ['toyota', 'Sparky†'],\n",
       " ['toyota', 'Tacoma†'],\n",
       " ['toyota', 'Tamaraw'],\n",
       " ['toyota', 'Tarago†'],\n",
       " ['toyota', 'Tundra†'],\n",
       " ['toyota', 'Vienta†'],\n",
       " ['toyota', 'Auris†'],\n",
       " ['toyota', 'Belta†'],\n",
       " ['toyota', 'Camry†'],\n",
       " ['toyota', 'Carri†'],\n",
       " ['toyota', 'Rumion'],\n",
       " ['toyota', 'Etios†'],\n",
       " ['toyota', 'Hilux†'],\n",
       " ['toyota', 'Hiace†'],\n",
       " ['toyota', 'Mark X'],\n",
       " ['toyota', 'Passo†'],\n",
       " ['toyota', 'Porte†'],\n",
       " ['toyota', 'Prius†'],\n",
       " ['toyota', 'Sofia†'],\n",
       " ['toyota', 'Tiara†'],\n",
       " ['toyota', 'Venza†'],\n",
       " ['toyota', 'Verso†'],\n",
       " ['toyota', 'Yaris†'],\n",
       " ['toyota', 'Zelas†'],\n",
       " ['toyota', 'Aygo†'],\n",
       " ['toyota', 'Cami†'],\n",
       " ['toyota', 'Dyna†'],\n",
       " ['toyota', 'Isis†'],\n",
       " ['toyota', 'Nadia'],\n",
       " ['toyota', 'Noah†'],\n",
       " ['toyota', 'Raum†'],\n",
       " ['toyota', 'RAV4†'],\n",
       " ['toyota', 'Reiz†'],\n",
       " ['toyota', 'Vios†'],\n",
       " ['toyota', 'Voxy†'],\n",
       " ['toyota', 'Platz'],\n",
       " ['toyota', 'Axio'],\n",
       " ['toyota', 'ist†'],\n",
       " ['toyota', 'Sai†'],\n",
       " ['toyota', 'Vitz'],\n",
       " ['toyota', 'Echo'],\n",
       " ['toyota', 'bB†'],\n",
       " ['toyota', 'iQ†'],\n",
       " ['toyota', 'Zio'],\n",
       " ['toyota', 'camry'],\n",
       " ['toyota', 'prius'],\n",
       " ['toyota', 'venza'],\n",
       " ['toyota', 'camrys'],\n",
       " ['toyota', 'avalon'],\n",
       " ['toyota', 'solara'],\n",
       " ['toyota', 'corolla'],\n",
       " ['toyota', 'toyotas'],\n",
       " ['toyota', 'highlander'],\n",
       " ['volkswagen', 'sportwagen'],\n",
       " ['volkswagen', 'touraeg'],\n",
       " ['volkswagen', 'passat'],\n",
       " ['volkswagen', 'tiguan'],\n",
       " ['volkswagen', 'beetle'],\n",
       " ['volkswagen', 'rabbit'],\n",
       " ['volkswagen', 'jetta'],\n",
       " ['volkswagen', 'golf'],\n",
       " ['volkswagen', 'gti'],\n",
       " ['volkswagen', 'eos'],\n",
       " ['volkswagen', 'volkwagen'],\n",
       " ['volkswagen', 'vw'],\n",
       " ['volkswagen', 'vws'],\n",
       " ['volkswagen', 'passats'],\n",
       " ['volkwagen', 'passat'],\n",
       " ['volvo', 'xc60'],\n",
       " ['volvo', 'xc70'],\n",
       " ['volvo', 'xc90'],\n",
       " ['volvo', 's60'],\n",
       " ['volvo', 's80'],\n",
       " ['volvo', 'v60'],\n",
       " ['volvo', 'c70']]"
      ]
     },
     "execution_count": 3,
     "metadata": {},
     "output_type": "execute_result"
    }
   ],
   "source": [
    "brands"
   ]
  },
  {
   "cell_type": "markdown",
   "metadata": {},
   "source": [
    "## Scraping all pages"
   ]
  },
  {
   "cell_type": "code",
   "execution_count": 4,
   "metadata": {},
   "outputs": [],
   "source": [
    "# we'll be using the cars and conversations forum\n",
    "url = 'https://forums.edmunds.com/discussion/18576/general/x/edmunds-members-cars-conversations'"
   ]
  },
  {
   "cell_type": "code",
   "execution_count": 5,
   "metadata": {},
   "outputs": [],
   "source": [
    "# number of forum pages\n",
    "num_pages = 2572"
   ]
  },
  {
   "cell_type": "code",
   "execution_count": 6,
   "metadata": {},
   "outputs": [
    {
     "name": "stdout",
     "output_type": "stream",
     "text": [
      "https://forums.edmunds.com/discussion/18576/general/x/edmunds-members-cars-conversations\n",
      "Page 1 complete\n",
      "https://forums.edmunds.com/discussion/18576/general/x/edmunds-members-cars-conversations/p2\n",
      "Page 2 complete\n"
     ]
    }
   ],
   "source": [
    "# store the comments in a string\n",
    "all_comments = \"\"\n",
    "\n",
    "# store output: date, userid, message\n",
    "output_csv = []\n",
    "\n",
    "# go through each page\n",
    "for page_number in range(1, 3):\n",
    "    # first page string of url isn't anything special\n",
    "    try:\n",
    "        if(page_number == 1):\n",
    "            new_url = url\n",
    "        else:\n",
    "            # end url format is /p220 etc.\n",
    "            new_url = url + \"/p\" + str(page_number)\n",
    "        print(new_url)\n",
    "        # collect the url with requests library\n",
    "        page = requests.get(new_url)\n",
    "    \n",
    "        # get the html of the page in string form\n",
    "        page_html = page.text\n",
    "    \n",
    "        # create the BeautifulSoup object that takes in the html in str form and a html/xml\n",
    "        #parser of choice either html.parser or lxml\n",
    "        soup = BeautifulSoup(page_html, 'html.parser')\n",
    "    \n",
    "        # inspect the elements from the webpage to know where stuff is\n",
    "        # in this case the comments are under a <p> tag which are all under a <div class = \"Message userContent\"</div/ tag \n",
    "        # which are all under a <div class = \"MessageList DataList Comments\"> tag\n",
    "    \n",
    "        # Pull all text from the 'MessageList DataList Comments' divs\n",
    "        messagelist = soup.find(class_ = \"MessageList DataList Comments\")\n",
    "        \n",
    "        # within the 'MessageList DataList Comments' divs pull all text from 'Message userContent' divs\n",
    "        #usermessages = messagelist.find_all(class_ =  \"Message userContent\")\n",
    "        usermessages = messagelist.find_all(class_ = \"Comment\")\n",
    "        \n",
    "        # now extract just the <p> tags from all comments! \n",
    "        for i in range(len(usermessages)):\n",
    "            # let's grab the date and username of the post which is under class = \"Item-Header CommentHeader\"\n",
    "            # in a <time> tag and class = \"Username\"\n",
    "            commentheader = usermessages[i].find(class_ = 'Item-Header CommentHeader')\n",
    "            \n",
    "            # grab the date. Format: June 18, 2014  3:53PM is stored in title = ' ' of <time  >\n",
    "            date_of_post = commentheader.find(\"time\", title = True)\n",
    "            \n",
    "            # variable to store date\n",
    "            date_of_post = date_of_post['title']\n",
    "            \n",
    "            # grab the username\n",
    "            username = commentheader.find(class_ = \"Username\")\n",
    "            # variable to store username\n",
    "            username = username.string\n",
    "            \n",
    "            # now grab text under Message userContent\n",
    "            messageheader = usermessages[i].find(class_ = 'Message userContent')\n",
    "            \n",
    "            # a user comment might have multiple <p> tags\n",
    "            # [s.extract() for s in usermessages[i](class_ = 'UserQuote')]\n",
    "            [s.extract() for s in messageheader(class_ = 'UserQuote')]\n",
    "            user_comments = messageheader.find_all('p')\n",
    "            \n",
    "            # variable to store user message\n",
    "            message = \"\"\n",
    "            for j in range(len(user_comments)):\n",
    "                # remove <a>, <img>, <br> tags embedded in <p>\n",
    "                [s.extract() for s in user_comments[j]('a')]\n",
    "                [s.extract() for s in user_comments[j]('img')]\n",
    "                [s.extract() for s in user_comments[j]('br')]\n",
    "\n",
    "                \n",
    "                # Let's do some string manipulation \n",
    "                # remove the newline characters, '<p>', '</p','said:'  \n",
    "                # add the users comments to the mega string\n",
    "\n",
    "                message += user_comments[j].prettify()\n",
    "\n",
    "            # let's do some string manipulation\n",
    "            # remove the newline characters, '<p>', '</p','said:'\n",
    "            message = message.replace('\\n', '')\n",
    "            message = message.replace(r\"<p>\", \"\")\n",
    "            message = message.replace(r\"</p>\", \"\")\n",
    "            message = message.replace(r\"</p>\", \"\")\n",
    "            message = message.replace(r\"said:\", \"\")\n",
    "            message = message.replace(r\":\", \"\")\n",
    "            message = message.lower()\n",
    "            \n",
    "            # deal with brand name\n",
    "            for k in brands:\n",
    "                message = message.replace(k[1], k[0])\n",
    "\n",
    "            # add to all_comments\n",
    "            all_comments += message\n",
    "            \n",
    "            # create a tuple with Date, Userid, Message and store into output_csv\n",
    "            row = date_of_post, username, message\n",
    "            output_csv.append(row)\n",
    "            \n",
    "            # print this if you want to see some output\n",
    "            # print('username: ' + str(username))\n",
    "            # print('date: ' + str(date_of_post))\n",
    "            # print('message: ' + message)\n",
    "            \n",
    "        # print some checks\n",
    "        print('Page ' + str(page_number) + ' complete')\n",
    "    except:\n",
    "        print('page ' + str(page_number) + ' failed')\n",
    "        continue"
   ]
  },
  {
   "cell_type": "code",
   "execution_count": 7,
   "metadata": {},
   "outputs": [
    {
     "data": {
      "text/plain": [
       "[('June 18, 2014  3:53PM',\n",
       "  'graphicguy',\n",
       "  \" i'm 2nd post....yee haw!!!!!!!! do i get a badge?\"),\n",
       " ('June 18, 2014  4:01PM',\n",
       "  'bwia',\n",
       "  ' great, but will it be possible to refer to old thread? and one more thing how do i find and add a discussion to \"my bookmarks?\"')]"
      ]
     },
     "execution_count": 7,
     "metadata": {},
     "output_type": "execute_result"
    }
   ],
   "source": [
    "output_csv[0:2]"
   ]
  },
  {
   "cell_type": "markdown",
   "metadata": {},
   "source": [
    "### Throw output_csv list into a csv file"
   ]
  },
  {
   "cell_type": "code",
   "execution_count": 8,
   "metadata": {},
   "outputs": [],
   "source": [
    "# throw this into a text file just in case\n",
    "with open('comments.csv','w') as out:\n",
    "    csv_out=csv.writer(out)\n",
    "    csv_out.writerow(['date','username', 'comment'])\n",
    "    for row in output_csv:\n",
    "        csv_out.writerow(row)"
   ]
  },
  {
   "cell_type": "markdown",
   "metadata": {},
   "source": [
    "### Get list of comments"
   ]
  },
  {
   "cell_type": "code",
   "execution_count": 9,
   "metadata": {},
   "outputs": [],
   "source": [
    "comments = []"
   ]
  },
  {
   "cell_type": "code",
   "execution_count": 10,
   "metadata": {},
   "outputs": [],
   "source": [
    "for c in output_csv:\n",
    "    comments.append(c[2])"
   ]
  },
  {
   "cell_type": "code",
   "execution_count": 11,
   "metadata": {},
   "outputs": [
    {
     "data": {
      "text/plain": [
       "\" i'm 2nd post....yee haw!!!!!!!! do i get a badge?\""
      ]
     },
     "execution_count": 11,
     "metadata": {},
     "output_type": "execute_result"
    }
   ],
   "source": [
    "comments[0]"
   ]
  },
  {
   "cell_type": "code",
   "execution_count": 12,
   "metadata": {},
   "outputs": [],
   "source": [
    "tot_number_of_comments = len(comments)"
   ]
  },
  {
   "cell_type": "markdown",
   "metadata": {},
   "source": [
    "### Get list of unique brands"
   ]
  },
  {
   "cell_type": "code",
   "execution_count": 13,
   "metadata": {},
   "outputs": [],
   "source": [
    "unique_brands = []\n",
    "for b in brands:\n",
    "    if b[0] not in unique_brands:\n",
    "        unique_brands.append(b[0])"
   ]
  },
  {
   "cell_type": "markdown",
   "metadata": {},
   "source": [
    "### Get list of tuple of brand combinations"
   ]
  },
  {
   "cell_type": "code",
   "execution_count": 14,
   "metadata": {},
   "outputs": [],
   "source": [
    "brand_combos = []\n",
    "for i in range (len(unique_brands)):\n",
    "    for j in range (len(unique_brands)):\n",
    "        if j > i:\n",
    "            brand_combo = (unique_brands[i], unique_brands[j])\n",
    "            brand_combos.append(brand_combo)"
   ]
  },
  {
   "cell_type": "code",
   "execution_count": 16,
   "metadata": {},
   "outputs": [
    {
     "data": {
      "text/plain": [
       "780"
      ]
     },
     "execution_count": 16,
     "metadata": {},
     "output_type": "execute_result"
    }
   ],
   "source": [
    "len(brand_combos)"
   ]
  },
  {
   "cell_type": "code",
   "execution_count": 17,
   "metadata": {},
   "outputs": [
    {
     "data": {
      "text/plain": [
       "40"
      ]
     },
     "execution_count": 17,
     "metadata": {},
     "output_type": "execute_result"
    }
   ],
   "source": [
    "len(unique_brands)"
   ]
  },
  {
   "cell_type": "code",
   "execution_count": 38,
   "metadata": {},
   "outputs": [],
   "source": [
    "import numpy as np\n",
    "\n",
    "from matplotlib import pyplot as plt\n",
    "from matplotlib.collections import LineCollection\n",
    "\n",
    "from sklearn import manifold\n",
    "from sklearn.metrics import euclidean_distances\n",
    "from sklearn.decomposition import PCA\n",
    "\n",
    "n_samples = 20\n",
    "seed = np.random.RandomState(seed=3)\n",
    "X_true = seed.randint(0, 20, 2 * n_samples).astype(np.float)\n",
    "X_true = X_true.reshape((n_samples, 2))"
   ]
  },
  {
   "cell_type": "code",
   "execution_count": 39,
   "metadata": {
    "scrolled": true
   },
   "outputs": [
    {
     "data": {
      "text/plain": [
       "array([[10.,  3.],\n",
       "       [ 8.,  0.],\n",
       "       [19., 10.],\n",
       "       [11.,  9.],\n",
       "       [10.,  6.],\n",
       "       [ 0., 12.],\n",
       "       [ 7., 14.],\n",
       "       [17.,  2.],\n",
       "       [ 2.,  1.],\n",
       "       [19.,  5.],\n",
       "       [ 8., 14.],\n",
       "       [ 1., 10.],\n",
       "       [ 7., 11.],\n",
       "       [ 1., 15.],\n",
       "       [16.,  5.],\n",
       "       [17., 14.],\n",
       "       [ 0.,  0.],\n",
       "       [ 9., 18.],\n",
       "       [ 5.,  7.],\n",
       "       [ 5., 14.]])"
      ]
     },
     "execution_count": 39,
     "metadata": {},
     "output_type": "execute_result"
    }
   ],
   "source": [
    "X_true"
   ]
  },
  {
   "cell_type": "code",
   "execution_count": 40,
   "metadata": {},
   "outputs": [],
   "source": [
    "# Center the data\n",
    "X_true -= X_true.mean()\n",
    "\n",
    "similarities = euclidean_distances(X_true)"
   ]
  },
  {
   "cell_type": "code",
   "execution_count": 41,
   "metadata": {
    "scrolled": true
   },
   "outputs": [
    {
     "data": {
      "text/plain": [
       "array([[ 0.        ,  3.60555128, 11.40175425,  6.08276253,  3.        ,\n",
       "        13.45362405, 11.40175425,  7.07106781,  8.24621125,  9.21954446,\n",
       "        11.18033989, 11.40175425,  8.54400375, 15.        ,  6.32455532,\n",
       "        13.03840481, 10.44030651, 15.03329638,  6.40312424, 12.08304597],\n",
       "       [ 3.60555128,  0.        , 14.86606875,  9.48683298,  6.32455532,\n",
       "        14.4222051 , 14.03566885,  9.21954446,  6.08276253, 12.08304597,\n",
       "        14.        , 12.20655562, 11.04536102, 16.55294536,  9.43398113,\n",
       "        16.64331698,  8.        , 18.02775638,  7.61577311, 14.31782106],\n",
       "       [11.40175425, 14.86606875,  0.        ,  8.06225775,  9.8488578 ,\n",
       "        19.10497317, 12.64911064,  8.24621125, 19.23538406,  5.        ,\n",
       "        11.70469991, 18.        , 12.04159458, 18.68154169,  5.83095189,\n",
       "         4.47213595, 21.47091055, 12.80624847, 14.31782106, 14.56021978],\n",
       "       [ 6.08276253,  9.48683298,  8.06225775,  0.        ,  3.16227766,\n",
       "        11.40175425,  6.40312424,  9.21954446, 12.04159458,  8.94427191,\n",
       "         5.83095189, 10.04987562,  4.47213595, 11.66190379,  6.40312424,\n",
       "         7.81024968, 14.2126704 ,  9.21954446,  6.32455532,  7.81024968],\n",
       "       [ 3.        ,  6.32455532,  9.8488578 ,  3.16227766,  0.        ,\n",
       "        11.66190379,  8.54400375,  8.06225775,  9.43398113,  9.05538514,\n",
       "         8.24621125,  9.8488578 ,  5.83095189, 12.72792206,  6.08276253,\n",
       "        10.63014581, 11.66190379, 12.04159458,  5.09901951,  9.43398113],\n",
       "       [13.45362405, 14.4222051 , 19.10497317, 11.40175425, 11.66190379,\n",
       "         0.        ,  7.28010989, 19.72308292, 11.18033989, 20.24845673,\n",
       "         8.24621125,  2.23606798,  7.07106781,  3.16227766, 17.4642492 ,\n",
       "        17.11724277, 12.        , 10.81665383,  7.07106781,  5.38516481],\n",
       "       [11.40175425, 14.03566885, 12.64911064,  6.40312424,  8.54400375,\n",
       "         7.28010989,  0.        , 15.62049935, 13.92838828, 15.        ,\n",
       "         1.        ,  7.21110255,  3.        ,  6.08276253, 12.72792206,\n",
       "        10.        , 15.65247584,  4.47213595,  7.28010989,  2.        ],\n",
       "       [ 7.07106781,  9.21954446,  8.24621125,  9.21954446,  8.06225775,\n",
       "        19.72308292, 15.62049935,  0.        , 15.03329638,  3.60555128,\n",
       "        15.        , 17.88854382, 13.45362405, 20.61552813,  3.16227766,\n",
       "        12.        , 17.11724277, 17.88854382, 13.        , 16.97056275],\n",
       "       [ 8.24621125,  6.08276253, 19.23538406, 12.04159458,  9.43398113,\n",
       "        11.18033989, 13.92838828, 15.03329638,  0.        , 17.4642492 ,\n",
       "        14.31782106,  9.05538514, 11.18033989, 14.03566885, 14.56021978,\n",
       "        19.84943324,  2.23606798, 18.38477631,  6.70820393, 13.34166406],\n",
       "       [ 9.21954446, 12.08304597,  5.        ,  8.94427191,  9.05538514,\n",
       "        20.24845673, 15.        ,  3.60555128, 17.4642492 ,  0.        ,\n",
       "        14.2126704 , 18.68154169, 13.41640786, 20.59126028,  3.        ,\n",
       "         9.21954446, 19.6468827 , 16.40121947, 14.14213562, 16.64331698],\n",
       "       [11.18033989, 14.        , 11.70469991,  5.83095189,  8.24621125,\n",
       "         8.24621125,  1.        , 15.        , 14.31782106, 14.2126704 ,\n",
       "         0.        ,  8.06225775,  3.16227766,  7.07106781, 12.04159458,\n",
       "         9.        , 16.1245155 ,  4.12310563,  7.61577311,  3.        ],\n",
       "       [11.40175425, 12.20655562, 18.        , 10.04987562,  9.8488578 ,\n",
       "         2.23606798,  7.21110255, 17.88854382,  9.05538514, 18.68154169,\n",
       "         8.06225775,  0.        ,  6.08276253,  5.        , 15.8113883 ,\n",
       "        16.4924225 , 10.04987562, 11.3137085 ,  5.        ,  5.65685425],\n",
       "       [ 8.54400375, 11.04536102, 12.04159458,  4.47213595,  5.83095189,\n",
       "         7.07106781,  3.        , 13.45362405, 11.18033989, 13.41640786,\n",
       "         3.16227766,  6.08276253,  0.        ,  7.21110255, 10.81665383,\n",
       "        10.44030651, 13.03840481,  7.28010989,  4.47213595,  3.60555128],\n",
       "       [15.        , 16.55294536, 18.68154169, 11.66190379, 12.72792206,\n",
       "         3.16227766,  6.08276253, 20.61552813, 14.03566885, 20.59126028,\n",
       "         7.07106781,  5.        ,  7.21110255,  0.        , 18.02775638,\n",
       "        16.03121954, 15.03329638,  8.54400375,  8.94427191,  4.12310563],\n",
       "       [ 6.32455532,  9.43398113,  5.83095189,  6.40312424,  6.08276253,\n",
       "        17.4642492 , 12.72792206,  3.16227766, 14.56021978,  3.        ,\n",
       "        12.04159458, 15.8113883 , 10.81665383, 18.02775638,  0.        ,\n",
       "         9.05538514, 16.76305461, 14.76482306, 11.18033989, 14.2126704 ],\n",
       "       [13.03840481, 16.64331698,  4.47213595,  7.81024968, 10.63014581,\n",
       "        17.11724277, 10.        , 12.        , 19.84943324,  9.21954446,\n",
       "         9.        , 16.4924225 , 10.44030651, 16.03121954,  9.05538514,\n",
       "         0.        , 22.02271555,  8.94427191, 13.89244399, 12.        ],\n",
       "       [10.44030651,  8.        , 21.47091055, 14.2126704 , 11.66190379,\n",
       "        12.        , 15.65247584, 17.11724277,  2.23606798, 19.6468827 ,\n",
       "        16.1245155 , 10.04987562, 13.03840481, 15.03329638, 16.76305461,\n",
       "        22.02271555,  0.        , 20.1246118 ,  8.60232527, 14.86606875],\n",
       "       [15.03329638, 18.02775638, 12.80624847,  9.21954446, 12.04159458,\n",
       "        10.81665383,  4.47213595, 17.88854382, 18.38477631, 16.40121947,\n",
       "         4.12310563, 11.3137085 ,  7.28010989,  8.54400375, 14.76482306,\n",
       "         8.94427191, 20.1246118 ,  0.        , 11.70469991,  5.65685425],\n",
       "       [ 6.40312424,  7.61577311, 14.31782106,  6.32455532,  5.09901951,\n",
       "         7.07106781,  7.28010989, 13.        ,  6.70820393, 14.14213562,\n",
       "         7.61577311,  5.        ,  4.47213595,  8.94427191, 11.18033989,\n",
       "        13.89244399,  8.60232527, 11.70469991,  0.        ,  7.        ],\n",
       "       [12.08304597, 14.31782106, 14.56021978,  7.81024968,  9.43398113,\n",
       "         5.38516481,  2.        , 16.97056275, 13.34166406, 16.64331698,\n",
       "         3.        ,  5.65685425,  3.60555128,  4.12310563, 14.2126704 ,\n",
       "        12.        , 14.86606875,  5.65685425,  7.        ,  0.        ]])"
      ]
     },
     "execution_count": 41,
     "metadata": {},
     "output_type": "execute_result"
    }
   ],
   "source": [
    "similarities"
   ]
  },
  {
   "cell_type": "code",
   "execution_count": 50,
   "metadata": {},
   "outputs": [
    {
     "data": {
      "text/plain": [
       "numpy.ndarray"
      ]
     },
     "execution_count": 50,
     "metadata": {},
     "output_type": "execute_result"
    }
   ],
   "source": [
    "type(similarities)"
   ]
  },
  {
   "cell_type": "code",
   "execution_count": 42,
   "metadata": {},
   "outputs": [],
   "source": [
    "mds = manifold.MDS(n_components=2, max_iter=3000, eps=1e-9,\n",
    "                   dissimilarity=\"precomputed\", n_jobs=1)\n",
    "pos = mds.fit(similarities).embedding_"
   ]
  },
  {
   "cell_type": "code",
   "execution_count": 43,
   "metadata": {},
   "outputs": [
    {
     "data": {
      "text/plain": [
       "array([[ -3.5176675 ,  -4.45379698],\n",
